--[[local Hwid = {
    --["GayKong"] = ""
    ["Jinglen"] = "F7C22509-6CEF-4701-B6CF-8A0AC4BA45E2"
    ["033D5083"] = "033D5083-9501-4CDF-8906-F303BEC6C4CE"
}
local ClientId = game:GetService("RbxAnalyticsService"):GetClientId()
local Hwide = string.split((ClientId),"-")
local Key = Hwide[1]

if _G.Key == Key then
    if Hwid[_G.Key] == game:GetService("RbxAnalyticsService"):GetClientId() then]]--
if not game:IsLoaded() then 
    repeat game.Loaded:Wait()
    until game:IsLoaded() 
end
repeat wait(1)
    pcall(function()
        if game:GetService("Players").LocalPlayer.PlayerGui.Main:FindFirstChild("ChooseTeam") then
            if game:GetService("Players").LocalPlayer.PlayerGui.Main.ChooseTeam.Visible == true then
                if _G.Team == "Marines" then
                    for i,v in pairs(getconnections(game:GetService("Players").LocalPlayer.PlayerGui.Main.ChooseTeam.Container.Marines.Frame.ViewportFrame.TextButton.MouseButton1Click)) do
                        v.Function()
                    end
                else
                    for i,v in pairs(getconnections(game:GetService("Players").LocalPlayer.PlayerGui.Main.ChooseTeam.Container.Pirates.Frame.ViewportFrame.TextButton.MouseButton1Click)) do
                        v.Function()
                    end
                end
            end
        end
    end)
until game.Players.localPlayer.Neutral == false
if _G.Fast_Delay == nil then
	_G.Fast_Delay = 0.3
end
spawn(function()
    while true do wait()
        getgenv().rejoin = game:GetService("CoreGui").RobloxPromptGui.promptOverlay.ChildAdded:Connect(function(Kick)
            if not _G.TP_Ser and _G.Rejoin then
                if Kick.Name == 'ErrorPrompt' and Kick:FindFirstChild('MessageArea') and Kick.MessageArea:FindFirstChild("ErrorFrame") then
                    game:GetService("TeleportService"):Teleport(game.PlaceId)
                    wait(50)
                end
            end
        end)
    end
end)

local VirtualUser=game:service'VirtualUser'
game:service'Players'.LocalPlayer.Idled:connect(function()
	VirtualUser:CaptureController()
	VirtualUser:ClickButton2(Vector2.new())
end)

spawn(function()
	while wait(3) do
		game:GetService'VirtualUser':CaptureController()
	end
end)

Old_World = false
New_World = false
Three_World = false
local placeId = game.PlaceId
if placeId == 2753915549 then
    Old_World = true
elseif placeId == 4442272183 then
    New_World = true
elseif placeId == 7449423635 then
    Three_World = true
end
_G.Color = Color3.fromRGB(68, 202, 186)

_G.Setting_table = {
    Auto_Farm = false,
    FastAttack = true,
	Auto_Buso = true,
	Auto_Ken = true,
	Show_Damage = true,
	NoClip = true,
	Save_Member = true,
	Melee_A = true,
	Defense_A = true,
	SkillZ = true,
	Rejoin = true,
	Anti_AFK = true,
	K_MAX = 50,
	Chest_Lock = 50,
	Delay_C = 15
}

_G.Check_Save_Setting = "CheckSaveSetting"

getgenv()['JsonEncode'] = function(msg)
    return game:GetService("HttpService"):JSONEncode(msg)
end
getgenv()['JsonDecode'] = function(msg)
    return game:GetService("HttpService"):JSONDecode(msg)
end
getgenv()['Check_Setting'] = function(Name)
    if not _G.Dis and not isfolder('Switch Hub BF Premium') then
        makefolder('Switch Hub BF Premium')
    end
    if not _G.Dis and not isfile('Switch Hub BF Premium/'..Name..'.json') then
        writefile('Switch Hub BF Premium/'..Name..'.json',JsonEncode(_G.Setting_table))
    end
end
getgenv()['Get_Setting'] = function(Name)
    if not _G.Dis and isfolder('Switch Hub BF Premium') and isfile('Switch Hub BF Premium/'..Name..'.json') then
        _G.Setting_table = JsonDecode(readfile('Switch Hub BF Premium/'..Name..'.json'))
        return _G.Setting_table
	elseif not _G.Dis then
        Check_Setting(Name)
    end
end
getgenv()['Update_Setting'] = function(Name)
    if not _G.Dis and isfolder('Switch Hub BF Premium') and isfile('Switch Hub BF Premium/'..Name..'.json') then
        writefile('Switch Hub BF Premium/'..Name..'.json',JsonEncode(_G.Setting_table))
	elseif not _G.Dis then
        Check_Setting(Name)
    end
end

Check_Setting(_G.Check_Save_Setting)
Get_Setting(_G.Check_Save_Setting)

if _G.Setting_table.Save_Member then
	getgenv()['MyName'] = game.Players.LocalPlayer.Name
	print("Save Member")
elseif _G.Setting_table.Save_All_Member then
	getgenv()['MyName'] = "AllMember"
	print("Save All Member")
else
	getgenv()['MyName'] = "None"
	_G.Dis = true
end

Check_Setting(getgenv()['MyName'])
Get_Setting(getgenv()['MyName'])

_G.Setting_table.Key = _G.wl_key
Update_Setting(getgenv()['MyName'])

if type(_G.Setting_table.Weapon) ~= 'string' then
	for i2,v2 in pairs(game.Players.LocalPlayer.Backpack:GetChildren()) do  
		if tostring(v2.ToolTip) == "Melee" then
			_G.Setting_table.Weapon = v2.Name
		end
	end
end


function Text(value)
    game.StarterGui:SetCore("SendNotification", {
        Title = "King of god hub", 
        Text = tostring(value),
        Duration = 10
    })
end
function Com()
    game.StarterGui:SetCore("SendNotification", {
        Title = "King of god hub", 
        Text = "✅  Complete",
        Duration = 5
    })
end

function TC(p)
	if (p.Position-game.Players.LocalPlayer.Character.HumanoidRootPart.Position).Magnitude >= 2000 then
	    TP3(CFrame.new(-2151.62353515625, 69.98303985595703, -12403.9228515625))
	end
end

function TelePBoss(p)
	if (p.Position-game.Players.LocalPlayer.Character.HumanoidRootPart.Position).Magnitude >= 2000 and not Auto_Raid and game.Players.LocalPlayer.Character.Humanoid.Health > 0 then
		if NameQuest == "FishmanQuest" then
			_G.Stop_Tween = true
			TP(game.Players.LocalPlayer.Character.HumanoidRootPart.CFrame)
			wait(.5)
			game:GetService("ReplicatedStorage").Remotes.CommF_:InvokeServer("requestEntrance",Vector3.new(61163.8515625, 11.6796875, 1819.7841796875))
			_G.Stop_Tween = nil
		elseif Ms == "God's Guard [Lv. 450]"  then
			_G.Stop_Tween = true
			TP(game.Players.LocalPlayer.Character.HumanoidRootPart.CFrame)
			wait(.5)
			game:GetService("ReplicatedStorage").Remotes.CommF_:InvokeServer("requestEntrance",Vector3.new(-4607.82275, 872.54248, -1667.55688))
			_G.Stop_Tween = nil
		elseif NameQuest == "SkyExp1Quest" then
			_G.Stop_Tween = true
			TP(game.Players.LocalPlayer.Character.HumanoidRootPart.CFrame)
			wait(.5)
			game:GetService("ReplicatedStorage").Remotes.CommF_:InvokeServer("requestEntrance",Vector3.new(-7894.6176757813, 5547.1416015625, -380.29119873047))
			_G.Stop_Tween = nil
		elseif NameQuest == "ShipQuest1" then
			_G.Stop_Tween = true
			TP(game.Players.LocalPlayer.Character.HumanoidRootPart.CFrame)
			wait(.5)
			game:GetService("ReplicatedStorage").Remotes.CommF_:InvokeServer("requestEntrance",Vector3.new(923.21252441406, 126.9760055542, 32852.83203125))
			_G.Stop_Tween = nil
		elseif NameQuest == "ShipQuest2" then
			_G.Stop_Tween = true
			TP(game.Players.LocalPlayer.Character.HumanoidRootPart.CFrame)
			wait(.5)
			game:GetService("ReplicatedStorage").Remotes.CommF_:InvokeServer("requestEntrance",Vector3.new(923.21252441406, 126.9760055542, 32852.83203125))
			_G.Stop_Tween = nil
		elseif NameQuest == "FrostQuest" then
			_G.Stop_Tween = true
			TP(game.Players.LocalPlayer.Character.HumanoidRootPart.CFrame)
			wait(.5)
			game:GetService("ReplicatedStorage").Remotes.CommF_:InvokeServer("requestEntrance",Vector3.new(-6508.5581054688, 89.034996032715, -132.83953857422))
			_G.Stop_Tween = nil
		else
			Mix_Farm = true
			_G.Stop_Tween = true
			game.Players.LocalPlayer.Character.Humanoid:ChangeState(15)
			repeat wait(.5)
				game.Players.LocalPlayer.Character.HumanoidRootPart.CFrame = p
				wait()
				game:GetService("ReplicatedStorage").Remotes.CommF_:InvokeServer("SetSpawnPoint")
			until (p.Position-game.Players.LocalPlayer.Character.HumanoidRootPart.Position).Magnitude < 1500 and game.Players.LocalPlayer.Character.Humanoid.Health > 0
			wait(.5)
			_G.Stop_Tween = nil
			Mix_Farm = nil
		end
	end
end

function CheckQuestBoss()
	-- Old World
		if _G.SelectBoss == "Saber Expert [Lv. 200] [Boss]" then
			MsBoss = "Saber Expert [Lv. 200] [Boss]"
			NameBoss = "Saber Expert"
			CFrameBoss = CFrame.new(-1458.89502, 29.8870335, -50.633564, 0.858821094, 1.13848939e-08, 0.512275636, -4.85649254e-09, 1, -1.40823326e-08, -0.512275636, 9.6063415e-09, 0.858821094)
		elseif _G.SelectBoss == "The Saw [Lv. 100] [Boss]" then
			MsBoss = "The Saw [Lv. 100] [Boss]"
			NameBoss = "The Saw"
			CFrameBoss = CFrame.new(-683.519897, 13.8534927, 1610.87854, -0.290192783, 6.88365773e-08, 0.956968188, 6.98413629e-08, 1, -5.07531119e-08, -0.956968188, 5.21077759e-08, -0.290192783)
		elseif _G.SelectBoss == "Greybeard [Lv. 750] [Raid Boss]" then
			MsBoss = "Greybeard [Lv. 750] [Raid Boss]"
			NameBoss = "Greybeard"
			CFrameBoss = CFrame.new(-4955.72949, 80.8163834, 4305.82666, -0.433646321, -1.03394289e-08, 0.901083171, -3.0443168e-08, 1, -3.17633075e-09, -0.901083171, -2.88092288e-08, -0.433646321)
		elseif _G.SelectBoss == "The Gorilla King [Lv. 25] [Boss]" then
			MsBoss = "The Gorilla King [Lv. 25] [Boss]" 
			NameBoss = "The Gorilla King"
			NameQuestBoss = "JungleQuest"
			QuestLvBoss = 3
			CFrameQBoss = CFrame.new(-1604.12012, 36.8521118, 154.23732, 0.0648873374, -4.70858913e-06, -0.997892559, 1.41431883e-07, 1, -4.70933674e-06, 0.997892559, 1.64442184e-07, 0.0648873374)
			CFrameBoss = CFrame.new(-1223.52808, 6.27936459, -502.292664, 0.310949147, -5.66602516e-08, 0.950426519, -3.37275488e-08, 1, 7.06501808e-08, -0.950426519, -5.40241736e-08, 0.310949147)
			TelePBoss(CFrameBoss)
		elseif _G.SelectBoss == "Bobby [Lv. 55] [Boss]" then
			MsBoss = "Bobby [Lv. 55] [Boss]"
			NameBoss = "Bobby"
			NameQuestBoss = "BuggyQuest1"
			QuestLvBoss = 3
			CFrameQBoss = CFrame.new(-1139.59717, 4.75205183, 3825.16211, -0.959730506, -7.5857054e-09, 0.280922383, -4.06310328e-08, 1, -1.11807175e-07, -0.280922383, -1.18718916e-07, -0.959730506)
			CFrameBoss = CFrame.new(-1147.65173, 32.5966301, 4156.02588, 0.956680477, -1.77109952e-10, -0.29113996, 5.16530874e-10, 1, 1.08897802e-09, 0.29113996, -1.19218679e-09, 0.956680477)
			TelePBoss(CFrameBoss)
		elseif _G.SelectBoss == "Yeti [Lv. 110] [Boss]" then
			MsBoss = "Yeti [Lv. 110] [Boss]"
			NameBoss = "Yeti"
			NameQuestBoss = "SnowQuest"
			QuestLvBoss = 3
			CFrameQBoss = CFrame.new(1384.90247, 87.3078308, -1296.6825, 0.280209213, 2.72035177e-08, -0.959938943, -6.75690828e-08, 1, 8.6151708e-09, 0.959938943, 6.24481444e-08, 0.280209213)
			CFrameBoss = CFrame.new(1221.7356, 138.046906, -1488.84082, 0.349343032, -9.49245944e-08, 0.936994851, 6.29478194e-08, 1, 7.7838429e-08, -0.936994851, 3.17894653e-08, 0.349343032)
			TelePBoss(CFrameBoss)
		elseif _G.SelectBoss == "Mob Leader [Lv. 120] [Boss]" then
			MsBoss = "Mob Leader [Lv. 120] [Boss]"
			NameBoss = "Mob Leader"
			CFrameBoss = CFrame.new(-2848.59399, 7.4272871, 5342.44043, -0.928248107, -8.7248246e-08, 0.371961564, -7.61816636e-08, 1, 4.44474857e-08, -0.371961564, 1.29216433e-08, -0.92824)
		elseif _G.SelectBoss == "Vice Admiral [Lv. 130] [Boss]" then
			MsBoss = "Vice Admiral [Lv. 130] [Boss]"
			NameBoss = "Vice Admiral"
			NameQuestBoss = "MarineQuest2"
			QuestLvBoss = 2
			CFrameQBoss = CFrame.new(-5035.42285, 28.6520386, 4324.50293, -0.0611100644, -8.08395768e-08, 0.998130739, -1.57416586e-08, 1, 8.00271849e-08, -0.998130739, -1.08217701e-08, -0.0611100644)
			CFrameBoss = CFrame.new(-5078.45898, 99.6520691, 4402.1665, -0.555574954, -9.88630566e-11, 0.831466436, -6.35508286e-08, 1, -4.23449258e-08, -0.831466436, -7.63661632e-08, -0.555574954)
			TelePBoss(CFrameBoss)
		elseif _G.SelectBoss == "Warden [Lv. 220] [Boss]" then
			MsBoss = "Warden [Lv. 220] [Boss]"
			NameBoss = "Warden"
			NameQuestBoss = "ImpelQuest"
			QuestLvBoss = 1
			CFrameQBoss = CFrame.new(4851.35059, 5.68744135, 743.251282, -0.538484037, -6.68303741e-08, -0.842635691, 1.38001752e-08, 1, -8.81300792e-08, 0.842635691, -5.90851599e-08, -0.538484037)
			CFrameBoss = CFrame.new(5232.5625, 5.26856995, 747.506897, 0.943829298, -4.5439414e-08, 0.330433697, 3.47818627e-08, 1, 3.81658154e-08, -0.330433697, -2.45289105e-08, 0.943829298)
			TelePBoss(CFrameBoss)
		elseif _G.SelectBoss == "Chief Warden [Lv. 230] [Boss]" then
			MsBoss = "Chief Warden [Lv. 230] [Boss]"
			NameBoss = "Chief Warden"
			NameQuestBoss = "ImpelQuest"
			QuestLvBoss = 2
			CFrameQBoss = CFrame.new(4851.35059, 5.68744135, 743.251282, -0.538484037, -6.68303741e-08, -0.842635691, 1.38001752e-08, 1, -8.81300792e-08, 0.842635691, -5.90851599e-08, -0.538484037)
			CFrameBoss = CFrame.new(5232.5625, 5.26856995, 747.506897, 0.943829298, -4.5439414e-08, 0.330433697, 3.47818627e-08, 1, 3.81658154e-08, -0.330433697, -2.45289105e-08, 0.943829298)
			TelePBoss(CFrameBoss)
		elseif _G.SelectBoss == "Swan [Lv. 240] [Boss]" then
			MsBoss = "Swan [Lv. 240] [Boss]"
			NameBoss = "Swan"
			NameQuestBoss = "ImpelQuest"
			QuestLvBoss = 3
			CFrameQBoss = CFrame.new(4851.35059, 5.68744135, 743.251282, -0.538484037, -6.68303741e-08, -0.842635691, 1.38001752e-08, 1, -8.81300792e-08, 0.842635691, -5.90851599e-08, -0.538484037)
			CFrameBoss = CFrame.new(5232.5625, 5.26856995, 747.506897, 0.943829298, -4.5439414e-08, 0.330433697, 3.47818627e-08, 1, 3.81658154e-08, -0.330433697, -2.45289105e-08, 0.943829298)
			TelePBoss(CFrameBoss)
		elseif _G.SelectBoss == "Magma Admiral [Lv. 350] [Boss]" then
			MsBoss = "Magma Admiral [Lv. 350] [Boss]"
			NameBoss = "Magma Admiral"
			NameQuestBoss = "MagmaQuest"
			QuestLvBoss = 3
			CFrameQBoss = CFrame.new(-5317.07666, 12.2721891, 8517.41699, 0.51175487, -2.65508806e-08, -0.859131515, -3.91131572e-08, 1, -5.42026761e-08, 0.859131515, 6.13418294e-08, 0.51175487)
			CFrameBoss = CFrame.new(-5530.12646, 22.8769703, 8859.91309, 0.857838571, 2.23414389e-08, 0.513919294, 1.53689133e-08, 1, -6.91265853e-08, -0.513919294, 6.71978384e-08, 0.857838571)
			TelePBoss(CFrameBoss)
		elseif _G.SelectBoss == "Fishman Lord [Lv. 425] [Boss]" then
			MsBoss = "Fishman Lord [Lv. 425] [Boss]"
			NameBoss = "Fishman Lord"
			NameQuestBoss = "FishmanQuest"
			QuestLvBoss = 3
			CFrameQBoss = CFrame.new(61123.0859, 18.5066795, 1570.18018, 0.927145958, 1.0624845e-07, 0.374700129, -6.98219367e-08, 1, -1.10790765e-07, -0.374700129, 7.65569368e-08, 0.927145958)
			CFrameBoss = CFrame.new(61351.7773, 31.0306778, 1113.31409, 0.999974668, 0, -0.00714713801, 0, 1.00000012, 0, 0.00714714266, 0, 0.999974549)
			if (CFrameQBoss.Position - game.Players.LocalPlayer.Character.HumanoidRootPart.Position).Magnitude > 3000 then
				game:GetService("ReplicatedStorage").Remotes.CommF_:InvokeServer("requestEntrance",Vector3.new(61163.8515625, 11.6796875, 1819.7841796875))
			end
		elseif _G.SelectBoss == "Wysper [Lv. 500] [Boss]" then
			MsBoss = "Wysper [Lv. 500] [Boss]"
			NameBoss = "Wysper"
			NameQuestBoss = "SkyExp1Quest"
			QuestLvBoss = 3
			CFrameQBoss = CFrame.new(-7862.94629, 5545.52832, -379.833954, 0.462944925, 1.45838088e-08, -0.886386991, 1.0534996e-08, 1, 2.19553424e-08, 0.886386991, -1.95022007e-08, 0.462944925)
			CFrameBoss = CFrame.new(-7925.48389, 5550.76074, -636.178345, 0.716468513, -1.22915289e-09, 0.697619379, 3.37381434e-09, 1, -1.70304748e-09, -0.697619379, 3.57381835e-09, 0.716468513)
			if (CFrameQBoss.Position - game.Players.LocalPlayer.Character.HumanoidRootPart.Position).Magnitude > 3000 then
				game:GetService("ReplicatedStorage").Remotes.CommF_:InvokeServer("requestEntrance",Vector3.new(-4607.82275, 872.54248, -1667.55688))
			end
		elseif _G.SelectBoss == "Thunder God [Lv. 575] [Boss]" then
			MsBoss = "Thunder God [Lv. 575] [Boss]"
			NameBoss = "Thunder God"
			NameQuestBoss = "SkyExp2Quest"
			QuestLvBoss = 3
			CFrameQBoss = CFrame.new(-7902.78613, 5635.99902, -1411.98706, -0.0361216255, -1.16895912e-07, 0.999347389, 1.44533963e-09, 1, 1.17024491e-07, -0.999347389, 5.6715117e-09, -0.0361216255)
			CFrameBoss = CFrame.new(-7917.53613, 5616.61377, -2277.78564, 0.965189934, 4.80563429e-08, -0.261550069, -6.73089886e-08, 1, -6.46515304e-08, 0.261550069, 8.00056768e-08, 0.965189934)
			if (CFrameQBoss.Position - game.Players.LocalPlayer.Character.HumanoidRootPart.Position).Magnitude > 3000 then
				game:GetService("ReplicatedStorage").Remotes.CommF_:InvokeServer("requestEntrance",Vector3.new(61163.8515625, 11.6796875, 1819.7841796875))
			end
			TelePBoss(CFrameBoss)
		elseif _G.SelectBoss == "Cyborg [Lv. 675] [Boss]" then
			MsBoss = "Cyborg [Lv. 675] [Boss]"
			NameBoss = "Cyborg"
			NameQuestBoss = "FountainQuest"
			QuestLvBoss = 3
			CFrameQBoss = CFrame.new(5253.54834, 38.5361786, 4050.45166, -0.0112687312, -9.93677887e-08, -0.999936521, 2.55291371e-10, 1, -9.93769547e-08, 0.999936521, -1.37512213e-09, -0.0112687312)
			CFrameBoss = CFrame.new(6041.82813, 52.7112198, 3907.45142, -0.563162148, 1.73805248e-09, -0.826346457, -5.94632716e-08, 1, 4.26280238e-08, 0.826346457, 7.31437524e-08, -0.563162148)
			TelePBoss(CFrameBoss)
		-- New World
		elseif _G.SelectBoss == "Diamond [Lv. 750] [Boss]" then
			MsBoss = "Diamond [Lv. 750] [Boss]"
			NameBoss = "Diamond"
			NameQuestBoss = "Area1Quest"
			QuestLvBoss = 3
			CFrameQBoss = CFrame.new(-424.080078, 73.0055847, 1836.91589, 0.253544956, -1.42165932e-08, 0.967323601, -6.00147771e-08, 1, 3.04272909e-08, -0.967323601, -6.5768397e-08, 0.253544956)
			CFrameBoss = CFrame.new(-1736.26587, 198.627731, -236.412857, -0.997808516, 0, -0.0661673471, 0, 1, 0, 0.0661673471, 0, -0.997808516)
			TelePBoss(CFrameBoss)
		elseif _G.SelectBoss == "Jeremy [Lv. 850] [Boss]" then
			MsBoss = "Jeremy [Lv. 850] [Boss]"
			NameBoss = "Jeremy"
			NameQuestBoss = "Area2Quest"
			QuestLvBoss = 3
			CFrameQBoss = CFrame.new(632.698608, 73.1055908, 918.666321, -0.0319722369, 8.96074881e-10, -0.999488771, 1.36326533e-10, 1, 8.92172336e-10, 0.999488771, -1.07732087e-10, -0.0319722369)
			CFrameBoss = CFrame.new(2203.76953, 448.966034, 752.731079, -0.0217453763, 0, -0.999763548, 0, 1, 0, 0.999763548, 0, -0.0217453763)
			TelePBoss(CFrameBoss)
		elseif _G.SelectBoss == "Fajita [Lv. 925] [Boss]" then
			MsBoss = "Fajita [Lv. 925] [Boss]"
			NameBoss = "Fajita"
			NameQuestBoss = "MarineQuest3"
			QuestLvBoss = 3
			CFrameQBoss = CFrame.new(-2442.65015, 73.0511475, -3219.11523, -0.873540044, 4.2329841e-08, -0.486752301, 5.64383384e-08, 1, -1.43220786e-08, 0.486752301, -3.99823996e-08, -0.873540044)
			CFrameBoss = CFrame.new(-2297.40332, 115.449463, -3946.53833, 0.961227536, -1.46645796e-09, -0.275756449, -2.3212845e-09, 1, -1.34094433e-08, 0.275756449, 1.35296352e-08, 0.961227536)
			TelePBoss(CFrameBoss)
		elseif _G.SelectBoss == "Don Swan [Lv. 1000] [Boss]" then
			MsBoss = "Don Swan [Lv. 1000] [Boss]"
			NameBoss = "Don Swan"
			CFrameBoss = CFrame.new(2288.802, 15.1870775, 863.034607, 0.99974072, -8.41247214e-08, -0.0227668174, 8.4774733e-08, 1, 2.75850098e-08, 0.0227668174, -2.95079072e-08, 0.99974072)
			TelePBoss(CFrameBoss)
		elseif _G.SelectBoss == "Smoke Admiral [Lv. 1150] [Boss]" then
			MsBoss = "Smoke Admiral [Lv. 1150] [Boss]"
			NameBoss = "Smoke Admiral"
			NameQuestBoss = "IceSideQuest"
			QuestLvBoss = 3
			CFrameQBoss = CFrame.new(-6059.96191, 15.9868021, -4904.7373, -0.444992423, -3.0874483e-09, 0.895534337, -3.64098796e-08, 1, -1.4644522e-08, -0.895534337, -3.91229982e-08, -0.444992423)
			CFrameBoss = CFrame.new(-5115.72754, 23.7664986, -5338.2207, 0.251453817, 1.48345061e-08, -0.967869282, 4.02796978e-08, 1, 2.57916977e-08, 0.967869282, -4.54708946e-08, 0.251453817)
			TelePBoss(CFrameBoss)
		elseif _G.SelectBoss == "Cursed Captain [Lv. 1325] [Raid Boss]" then
			MsBoss = "Cursed Captain [Lv. 1325] [Raid Boss]"
			NameBoss = "Cursed Captain"
			CFrameBoss = CFrame.new(916.928589, 181.092773, 33422, -0.999505103, 9.26310495e-09, 0.0314563364, 8.42916226e-09, 1, -2.6643713e-08, -0.0314563364, -2.63653774e-08, -0.999505103)
		elseif _G.SelectBoss == "Darkbeard [Lv. 1000] [Raid Boss]" then
			MsBoss = "Darkbeard [Lv. 1000] [Raid Boss]"
			NameBoss = "Darkbeard"
			CFrameBoss = CFrame.new(3876.00366, 24.6882591, -3820.21777, -0.976951957, 4.97356325e-08, 0.213458836, 4.57335361e-08, 1, -2.36868622e-08, -0.213458836, -1.33787044e-08, -0.976951957)
		elseif _G.SelectBoss == "Order [Lv. 1250] [Raid Boss]" then
			MsBoss = "Order [Lv. 1250] [Raid Boss]"
			NameBoss = "Order"
			CFrameBoss = CFrame.new(-6221.15039, 16.2351036, -5045.23584, -0.380726993, 7.41463495e-08, 0.924687505, 5.85604774e-08, 1, -5.60738549e-08, -0.924687505, 3.28013137e-08, -0.380726993)
		elseif _G.SelectBoss == "Awakened Ice Admiral [Lv. 1400] [Boss]" then
			MsBoss = "Awakened Ice Admiral [Lv. 1400] [Boss]"
			NameBoss = "Awakened Ice Admiral"
			NameQuestBoss = "FrostQuest"
			QuestLvBoss = 3
			CFrameQBoss = CFrame.new(5669.33203, 28.2118053, -6481.55908, 0.921275556, -1.25320829e-08, 0.388910472, 4.72230788e-08, 1, -7.96414241e-08, -0.388910472, 9.17372489e-08, 0.921275556)
			CFrameBoss = CFrame.new(6407.33936, 340.223785, -6892.521, 0.49051559, -5.25310213e-08, -0.871432424, -2.76146022e-08, 1, -7.58250565e-08, 0.871432424, 6.12576301e-08, 0.49051559)
			TelePBoss(CFrameBoss)
		elseif _G.SelectBoss == "Tide Keeper [Lv. 1475] [Boss]" then
			MsBoss = "Tide Keeper [Lv. 1475] [Boss]"
			NameBoss = "Tide Keeper"
			NameQuestBoss = "ForgottenQuest"             
			QuestLvBoss = 3
			CFrameQBoss = CFrame.new(-3053.89648, 236.881363, -10148.2324, -0.985987961, -3.58504737e-09, 0.16681771, -3.07832915e-09, 1, 3.29612559e-09, -0.16681771, 2.73641976e-09, -0.985987961)
			CFrameBoss = CFrame.new(-3570.18652, 123.328949, -11555.9072, 0.465199202, -1.3857326e-08, 0.885206044, 4.0332897e-09, 1, 1.35347511e-08, -0.885206044, -2.72606271e-09, 0.465199202)
			TelePBoss(CFrameBoss)
		-- Thire World
		elseif _G.SelectBoss == "Stone [Lv. 1550] [Boss]" then
			MsBoss = "Stone [Lv. 1550] [Boss]"
			NameBoss = "Stone"
			NameQuestBoss = "PiratePortQuest"             
			QuestLvBoss = 3
			CFrameQBoss = CFrame.new(-290, 44, 5577)
			CFrameBoss = CFrame.new(-1085, 40, 6779)
			TelePBoss(CFrameBoss)
		elseif _G.SelectBoss == "Island Empress [Lv. 1675] [Boss]" then
			MsBoss = "Island Empress [Lv. 1675] [Boss]"
			NameBoss = "Island Empress"
			NameQuestBoss = "AmazonQuest2"             
			QuestLvBoss = 3
			CFrameQBoss = CFrame.new(5443, 602, 752)
			CFrameBoss = CFrame.new(5659, 602, 244)
			if (MsBoss.Position - game.Players.LocalPlayer.Character.HumanoidRootPart.Position).Magnitude > 3000 then
				game:GetService("ReplicatedStorage").Remotes.CommF_:InvokeServer("requestEntrance",Vector3.new(5741.791015625, 610.4240112304688, -269.8805847167969))
			end
			TelePBoss(CFrameBoss)
		elseif _G.SelectBoss == "Kilo Admiral [Lv. 1750] [Boss]" then
			MsBoss = "Kilo Admiral [Lv. 1750] [Boss]"
			NameBoss = "Kilo Admiral"
			NameQuestBoss = "MarineTreeIsland"             
			QuestLvBoss = 3
			CFrameQBoss = CFrame.new(2178, 29, -6737)
			CFrameBoss =CFrame.new(2846, 433, -7100)
			TelePBoss(CFrameBoss)
		elseif _G.SelectBoss == "Captain Elephant [Lv. 1875] [Boss]" then
			MsBoss = "Captain Elephant [Lv. 1875] [Boss]"
			NameBoss = "Captain Elephant"
			NameQuestBoss = "DeepForestIsland"             
			QuestLvBoss = 3
			CFrameQBoss = CFrame.new(-13232, 333, -7631)
			CFrameBoss = CFrame.new(-13221, 325, -8405)
			if (MsBoss.Position - game.Players.LocalPlayer.Character.HumanoidRootPart.Position).Magnitude > 3000 then
				game:GetService("ReplicatedStorage").Remotes.CommF_:InvokeServer("requestEntrance",Vector3.new(-12476.8515625, 374.9144592285156, -7567.9111328125))
			end
			TelePBoss(CFrameBoss)
		elseif _G.SelectBoss == "Beautiful Pirate [Lv. 1950] [Boss]" then
			MsBoss = "Beautiful Pirate [Lv. 1950] [Boss]"
			NameBoss = "Beautiful Pirate"
			NameQuestBoss = "DeepForestIsland2"             
			QuestLvBoss = 3
			CFrameQBoss = CFrame.new(-12686, 391, -9902)
			CFrameBoss = CFrame.new(5182, 23, -20)
			if (MsBoss.Position - game.Players.LocalPlayer.Character.HumanoidRootPart.Position).Magnitude > 3000 then
				game:GetService("ReplicatedStorage").Remotes.CommF_:InvokeServer("requestEntrance",Vector3.new(5314.58203125, 22.53643226623535, -125.94227600097656))
			end
			TelePBoss(CFrameBoss)
		elseif _G.SelectBoss == "rip_indra True Form [Lv. 5000] [Raid Boss]" then
			MsBoss = "rip_indra True Form [Lv. 5000] [Raid Boss]"
			NameBoss = "rip_indra True Form"
			CFrameBoss = CFrame.new(-5359, 424, -2735)
			TelePBoss(CFrameBoss)
		elseif _G.SelectBoss == "Longma [Lv. 2000] [Boss]" then
			MsBoss = "Longma [Lv. 2000] [Boss]"
			NameBoss = "Longma"
			CFrameBoss = CFrame.new(-10248.3936, 353.79129, -9306.34473)
			TelePBoss(CFrameBoss)
		elseif _G.SelectBoss == "Soul Reaper [Lv. 2100] [Raid Boss]" then
			MsBoss = "Soul Reaper [Lv. 2100] [Raid Boss]"
			NameBoss = "Soul Reaper"
			CFrameBoss = CFrame.new(-9515.62109, 315.925537, 6691.12012)
			TelePBoss(CFrameBoss)
		elseif _G.SelectBoss == "Cake Queen [Lv. 2175] [Boss]" then
			MsBoss = "Cake Queen [Lv. 2175] [Boss]"
			NameBoss = "Cake Queen"
			NameQuestBoss = "IceCreamIslandQuest"             
			QuestLvBoss = 3
			CFrameQBoss = CFrame.new(-821.267456, 65.9448776, -10964.3994, 0.814093888, -3.67296735e-08, -0.58073324, 3.30765637e-08, 1, -1.6879099e-08, 0.58073324, -5.46748513e-09, 0.814093888)
			CFrameBoss = CFrame.new(-715.467102, 381.69104, -11019.8896, 0.955998719, -1.07319993e-08, -0.293370903, 5.00311881e-09, 1, -2.02781667e-08, 0.293370903, 1.7918131e-08, 0.955998719)
			TelePBoss(CFrameBoss)
		end
	end

		function CheckLevel()
			local Lv = game:GetService("Players").LocalPlayer.Data.Level.Value
			if Old_World then
				if Lv == 1 or Lv <= 9 or SelectMonster == "Bandit [Lv. 5]" then -- Bandit
					Ms = "Bandit [Lv. 5]"
					NameQuest = "BanditQuest1"
					QuestLv = 1
					NameMon = "Bandit"
					CFrameQ = CFrame.new(1060.9383544922, 16.455066680908, 1547.7841796875)
					CFrameMon = CFrame.new(932.8062133789062, 50.273521423339844, 1515.4857177734375)
					CFrameMon2 = CFrame.new(1020.5850830078125, 50.273521423339844, 1566.209228515625)
					CFrameMon3 = CFrame.new(951.9865112304688, 50.273590087890625, 1624.841064453125)
					CFrameMon4 = CFrame.new(1100.512939453125, 50.273609161376953, 1593.30859375)
					CFrameMon5 = CFrame.new(1123.3743896484375, 50.273609161376953, 1663.6324462890625)
					CFrameMon6 = CFrame.new(1219.28308, 50.4678574, 1676.11877)
					CFrameMon7 = CFrame.new(1284.30542, 50.7171984, 1627.62842)
					CFrameMon8 = CFrame.new(1231.89722, 50.4568367, 1541.047)
				elseif Lv == 10 or Lv <= 14 or SelectMonster == "Monkey [Lv. 14]" then -- Monkey
					Ms = "Monkey [Lv. 14]"
					NameQuest = "JungleQuest"
					QuestLv = 1
					NameMon = "Monkey"
					CFrameQ = CFrame.new(-1601.6553955078, 36.85213470459, 153.38809204102)
					CFrameMon = CFrame.new(-1578.40002, 40.0510254, 376.473907)
					CFrameMon2 = CFrame.new(-1202.49963, 40.5991755, 278.730499)
					CFrameMon3 = CFrame.new(-1291.31116, 40.1025791, -4.68253756)
					CFrameMon4 = CFrame.new(-1489.24976, 40.550066, 88.4902802)
					CFrameMon5 = CFrame.new(-1610.48572, 40.3196087, -48.0345688)
					CFrameMon6 = CFrame.new(-1743.51038, 40.3173809, -91.2508316)
					CFrameMon7 = CFrame.new(-1800.5564, 40.7170601, 109.951523)
					CFrameMon8 = CFrame.new(-1800.5564, 40.7170601, 109.951523)
				elseif Lv == 15 or Lv <= 29 or SelectMonster == "Gorilla [Lv. 20]" then -- Gorilla
					Ms = "Gorilla [Lv. 20]"
					NameQuest = "JungleQuest"
					QuestLv = 2
					NameMon = "Gorilla"
					CFrameQ = CFrame.new(-1601.6553955078, 36.85213470459, 153.38809204102)
					CFrameMon = CFrame.new(-1362.0625, 30.8125114, -487.021637)
					CFrameMon2 = CFrame.new(-1249.05078, 30.01767778, -456.178711)
					CFrameMon3 = CFrame.new(-1248.04932, 30.0324049, -548.841492)
					CFrameMon4 = CFrame.new(-1188.06848, 30.0483704, -650.220398)
					CFrameMon5 = CFrame.new(-1362.0625, 30.8125114, -487.021637)
					CFrameMon6 = CFrame.new(-1249.05078, 30.01767778, -456.178711)
					CFrameMon7 = CFrame.new(-1248.04932, 30.0324049, -548.841492)
					CFrameMon8 = CFrame.new(-1188.06848, 30.0483704, -650.220398)
				elseif Lv == 30 or Lv <= 119 or SelectMonster == "Royal Squad [Lv. 525]" then -- Shanda
					_G.FM = false
					Ms = "Royal Squad [Lv. 525]"
					NameQuest = "JungleQuest"
					QuestLv = 2
					NameMon = "Gorila"
					CFrameQ = CFrame.new(-7863.1596679688, 5545.5190429688, -378.42266845703)
					CFrameMon = CFrame.new(-7787.81494140625, 5600.49169921875, -502.2948303222656)
					CFrameMon2 = CFrame.new(-7725.74072, 5600.29004, -585.480713)
					CFrameMon3 = CFrame.new(-7595.16895, 5600.93994, -653.530457)
					CFrameMon4 = CFrame.new(-7540.33887, 5600.27539, -517.048096)
					CFrameMon5 = CFrame.new(-7564.64746, 5600.68262, -418.750336)
					CFrameMon6 = CFrame.new(-7564.64746, 5600.68262, -418.750336)
					CFrameMon7 = CFrame.new(-7709.42822, 5600.29492, -337.002502)
					CFrameMon8 = CFrame.new(-7709.42822, 5600.29492, -337.002502)
					if Auto_Farm and (CFrameMon.Position - game.Players.LocalPlayer.Character.HumanoidRootPart.Position).Magnitude > 3000 then
						game:GetService("ReplicatedStorage").Remotes.CommF_:InvokeServer("requestEntrance",Vector3.new(-7894.6176757813, 5547.1416015625, -380.29119873047))
					end
					
				elseif Lv == 120 or Lv <= 149 or SelectMonster == "Chief Petty Officer [Lv. 120]" then -- Chief Petty Officer
					Ms = "Chief Petty Officer [Lv. 120]"
					NameQuest = "MarineQuest2"
					QuestLv = 1
					NameMon = "Chief Petty Officer"
					CFrameQ = CFrame.new(-5035.49609375, 28.677835464478, 4324.1840820313)
					CFrameMon = CFrame.new(-4923.10791, 40.3499947, 4076.94336)
					CFrameMon2 = CFrame.new(-4805.28809, 40.090353, 3993.9248)
					CFrameMon3 = CFrame.new(-4989.27148, 40.0766487, 3947.69263)
					CFrameMon4 = CFrame.new(-5121.31006, 40.1290245, 4059.63696)
					CFrameMon5 = CFrame.new(-4615.01855, 40.3923702, 4415.97705)
					CFrameMon6 = CFrame.new(-4634.14697, 40.3546143, 4551.83789)
					CFrameMon7 = CFrame.new(-4808.26562, 40.5440979, 4540.03223)
					CFrameMon8 = CFrame.new(-4873.88184, 40.0598965, 4655.65576)
				elseif Lv == 150 or Lv <= 174 or SelectMonster == "Sky Bandit [Lv. 150]" then -- Sky Bandit
					Ms = "Sky Bandit [Lv. 150]"
					NameQuest = "SkyQuest"
					QuestLv = 1
					NameMon = "Sky Bandit"
					CFrameQ = CFrame.new(-4842.1372070313, 717.69543457031, -2623.0483398438)
					CFrameMon = CFrame.new(-5081.87354, 300.785797, -2938.69385)
					CFrameMon2 = CFrame.new(-5119.59375, 300.550598, -2809.85327)
					CFrameMon3 = CFrame.new(-4944.93799, 300.755371, -2785.14746)
					CFrameMon4 = CFrame.new(-4861.03271, 300.834167, -2904.71436)
					CFrameMon5 = CFrame.new(-5081.87354, 300.785797, -2938.69385)
					CFrameMon6 = CFrame.new(-5119.59375, 300.550598, -2809.85327)
					CFrameMon7 = CFrame.new(-4944.93799, 300.755371, -2785.14746)
					CFrameMon8 = CFrame.new(-4861.03271, 300.834167, -2904.71436)
				elseif Lv == 175 or Lv <= 249 or SelectMonster == "Dark Master [Lv. 175]" then -- Dark Master
					Ms = "Dark Master [Lv. 175]"
					NameQuest = "SkyQuest"
					QuestLv = 2
					NameMon = "Dark Master"
					CFrameQ = CFrame.new(-4842.1372070313, 717.69543457031, -2623.0483398438)
					CFrameMon = CFrame.new(-5235.76172, 400.407043, -2366.71899)
					CFrameMon2 = CFrame.new(-5171.20557, 400.632629, -2243.04346)
					CFrameMon3 = CFrame.new(-5244.14307, 400.553833, -2154.95386)
					CFrameMon4 = CFrame.new(-5338.07666, 400.419495, -2256.87036)
					CFrameMon5 = CFrame.new(-5235.76172, 400.407043, -2366.71899)
					CFrameMon6 = CFrame.new(-5171.20557, 400.632629, -2243.04346)
					CFrameMon7 = CFrame.new(-5244.14307, 400.553833, -2154.95386)
					CFrameMon8 = CFrame.new(-5338.07666, 400.419495, -2256.87036)
				elseif Lv == 190 or Lv <= 209 and SelectMonster == "Prisoner [Lv. 190]" then
					Ms = "Prisoner [Lv. 190]"
					QuestLv = 1
					NameQuest = "PrisonerQuest"
					NameMon = "Prisoner"
					CFrameQ = CFrame.new(5308.93115, 1.65517521, 475.120514, -0.0894274712, -5.00292918e-09, -0.995993316, 1.60817859e-09, 1, -5.16744869e-09, 0.995993316, -2.06384709e-09, -0.0894274712)
					CFrameMon = CFrame.new(4937.33154, 30.1021862, 649.563477)
					CFrameMon2 = CFrame.new(5065.7749, 30.43290985, 546.996643)
					CFrameMon3 = CFrame.new(5088.85205, 30.63439715, 424.919891)
					CFrameMon4 = CFrame.new(5223.32422, 30.45370162, 449.392792)
					CFrameMon5 = CFrame.new(5350.27783, 30.8864578, 391.263519)
					CFrameMon6 = CFrame.new(4937.33154, 30.1021862, 649.563477)
					CFrameMon7 = CFrame.new(5065.7749, 30.43290985, 546.996643)
					CFrameMon8 = CFrame.new(5088.85205, 30.63439715, 424.919891)
				elseif Lv == 210 or Lv <= 249 or SelectMonster == "Dangerous Prisoner [Lv. 210]" then
					Ms = "Dangerous Prisoner [Lv. 210]"
					QuestLv = 2
					NameQuest = "PrisonerQuest"
					NameMon = "Dangerous Prisoner"
					CFrameQ = CFrame.new(5308.93115, 1.65517521, 475.120514, -0.0894274712, -5.00292918e-09, -0.995993316, 1.60817859e-09, 1, -5.16744869e-09, 0.995993316, -2.06384709e-09, -0.0894274712)
					CFrameMon = CFrame.new(5485.27686, 30.48984313, 468.049164)
					CFrameMon2 = CFrame.new(5553.6123, 30.37830436, 583.482605)
					CFrameMon3 = CFrame.new(5645.55957, 30.49353886, 764.599121)
					CFrameMon4 = CFrame.new(5561.3667, 30.4825983, 964.727722)
					CFrameMon5 = CFrame.new(5442.04785, 30.43965244, 1078.86829)
					CFrameMon6 = CFrame.new(5101.04688, 30.43209672, 1056.52319)
					CFrameMon7 = CFrame.new(4955.92383, 30.43116331, 925.554199)
					CFrameMon8 = CFrame.new(4955.92383, 30.43116331, 925.554199)
				elseif Lv == 250 or Lv <= 274 or SelectMonster == "Toga Warrior [Lv. 250]" then -- Toga Warrior
					Ms = "Toga Warrior [Lv. 250]"
					NameQuest = "ColosseumQuest"
					QuestLv = 1
					NameMon = "Toga Warrior"
					CFrameQ = CFrame.new(-1577.7890625, 7.4151420593262, -2984.4838867188)
					CFrameMon = CFrame.new(-1671.87439, 30.46971226, -2684.46704)
					CFrameMon2 = CFrame.new(-1798.56873, 30.69850779, -2852.0918)
					CFrameMon3 = CFrame.new(-1839.27844, 30.54717255, -2670.43506)
					CFrameMon4 = CFrame.new(-2056.15601, 30.7379818, -2713.5896)
					CFrameMon5 = CFrame.new(-2128.38818, 30.74061298, -2853.23096)
					CFrameMon6 = CFrame.new(-1671.87439, 30.46971226, -2684.46704)
					CFrameMon7 = CFrame.new(-1798.56873, 30.69850779, -2852.0918)
					CFrameMon8 = CFrame.new(-1839.27844, 30.54717255, -2670.43506)
				elseif Lv == 275 or Lv <= 299 or SelectMonster == "Gladiator [Lv. 275]" then -- Gladiator
					Ms = "Gladiator [Lv. 275]"
					NameQuest = "ColosseumQuest"
					QuestLv = 2
					NameMon = "Gladiator"
					CFrameQ = CFrame.new(-1577.7890625, 7.4151420593262, -2984.4838867188)
					CFrameMon = CFrame.new(-1483.69543, 30.23153687, -3195.19263)
					CFrameMon2 = CFrame.new(-1370.75085, 30.02963066, -3375.76953)
					CFrameMon3 = CFrame.new(-1356.93213, 30.05916834, -3590.58716)
					CFrameMon4 = CFrame.new(-1125.12451, 30.91520119, -3270.04932)
					CFrameMon5 = CFrame.new(-1228.21082, 30.91372013, -3051.61963)
					CFrameMon6 = CFrame.new(-1483.69543, 30.23153687, -3195.19263)
					CFrameMon7 = CFrame.new(-1370.75085, 30.02963066, -3375.76953)
					CFrameMon8 = CFrame.new(-1356.93213, 30.05916834, -3590.58716)
				elseif Lv == 300 or Lv <= 324 or SelectMonster == "Military Soldier [Lv. 300]" then -- Military Soldier
					Ms = "Military Soldier [Lv. 300]"
					NameQuest = "MagmaQuest"
					QuestLv = 1
					NameMon = "Military Soldier"
					CFrameQ = CFrame.new(-5316.1157226563, 12.262831687927, 8517.00390625)
					CFrameMon = CFrame.new(-5287.19775, 30.68863678, 8659.86328)
					CFrameMon2 = CFrame.new(-5412.09326, 30.3730135, 8591.76855)
					CFrameMon3 = CFrame.new(-5439.79492, 30.07931805, 8349.15137)
					CFrameMon4 = CFrame.new(-5565.604, 30.28863716, 8327.56641)
					CFrameMon5 = CFrame.new(-5667.80664, 30.28863716, 8428.66992)
					CFrameMon6 = CFrame.new(-5287.19775, 30.68863678, 8659.86328)
					CFrameMon7 = CFrame.new(-5412.09326, 30.3730135, 8591.76855)
					CFrameMon8 = CFrame.new(-5439.79492, 30.07931805, 8349.15137)
				elseif Lv == 325 or Lv <= 374 or SelectMonster == "Military Spy [Lv. 325]" then -- Military Spy
					Ms = "Military Spy [Lv. 325]"
					NameQuest = "MagmaQuest"
					QuestLv = 2
					NameMon = "Military Spy"
					CFrameQ = CFrame.new(-5316.1157226563, 12.262831687927, 8517.00390625)
					CFrameMon = CFrame.new(-5786.98828, 100.5823822, 8651.63672)
					CFrameMon2 = CFrame.new(-5857.32812, 100.6921616, 8775.98242)
					CFrameMon3 = CFrame.new(-5916.4082, 100.9983063, 8845.14355)
					CFrameMon4 = CFrame.new(-5806.90088, 100.4439621, 8903.08789)
					CFrameMon5 = CFrame.new(-5786.98828, 100.5823822, 8651.63672)
					CFrameMon6 = CFrame.new(-5857.32812, 100.6921616, 8775.98242)
					CFrameMon7 = CFrame.new(-5916.4082, 100.9983063, 8845.14355)
					CFrameMon8 = CFrame.new(-5806.90088, 100.4439621, 8903.08789)
				elseif Lv == 375 or Lv <= 399 or SelectMonster == "Fishman Warrior [Lv. 375]" then -- Fishman Warrior 
					_G.FM = true
					Ms = "Fishman Warrior [Lv. 375]"
					NameQuest = "FishmanQuest"
					QuestLv = 1
					NameMon = "Fishman Warrior"
					CFrameQ = CFrame.new(61122.65234375, 18.497442245483, 1569.3997802734)
					CFrameMon = CFrame.new(60943.918, 40.9676781, 1744.12366)
					CFrameMon2 = CFrame.new(60841.9023, 40.9637394, 1651.12573)
					CFrameMon3 = CFrame.new(60788.9023, 40.1695957, 1526.11133)
					CFrameMon4 = CFrame.new(60905.6641, 40.2607841, 1470.10828)
					CFrameMon5 = CFrame.new(60947.5195, 40.2365685, 1377.84827)
					CFrameMon6 = CFrame.new(60840.9023, 40.1695957, 1301.12561)
					CFrameMon7 = CFrame.new(60926.3203, 40.2709007, 1179.21045)
					CFrameMon8 = CFrame.new(60840.9023, 40.1695957, 1301.12561)
					if Auto_Farm and (CFrameMon.Position - game.Players.LocalPlayer.Character.HumanoidRootPart.Position).Magnitude > 3000 then
						game:GetService("ReplicatedStorage").Remotes.CommF_:InvokeServer("requestEntrance",Vector3.new(61163.8515625, 11.6796875, 1819.7841796875))
					end
				elseif Lv == 400 or Lv <= 449 or SelectMonster == "Fishman Commando [Lv. 400]" then -- Fishman Commando
					_G.FM = true
					Ms = "Fishman Commando [Lv. 400]"
					NameQuest = "FishmanQuest"
					QuestLv = 2
					NameMon = "Fishman Commando"
					CFrameQ = CFrame.new(61122.65234375, 18.497442245483, 1569.3997802734)
					CFrameMon = CFrame.new(61699.625, 40.2699566, 1520.59375)
					CFrameMon2 = CFrame.new(61760.9062, 40.2607517, 1460.12573)
					CFrameMon3 = CFrame.new(61785.5391, 40.3575878, 1286.50964)
					CFrameMon4 = CFrame.new(62051.4727, 40.418438, 1419.75146)
					CFrameMon5 = CFrame.new(61977.8516, 40.4545078, 1615.34143)
					CFrameMon6 = CFrame.new(61856.6602, 40.2217426, 1695.47583)
					CFrameMon7 = CFrame.new(61699.625, 40.2699566, 1520.59375)
					CFrameMon8 = CFrame.new(61760.9062, 40.2607517, 1460.12573)
					if Auto_Farm and (CFrameMon.Position - game.Players.LocalPlayer.Character.HumanoidRootPart.Position).Magnitude > 3000 then
						game:GetService("ReplicatedStorage").Remotes.CommF_:InvokeServer("requestEntrance",Vector3.new(61163.8515625, 11.6796875, 1819.7841796875))
					end
				elseif Lv == 450 or Lv <= 474 or SelectMonster == "God's Guard [Lv. 450]" then -- God's Guard
					_G.FM = false
					Ms = "God's Guard [Lv. 450]"
					NameQuest = "SkyExp1Quest"
					QuestLv = 1
					NameMon = "God's Guard"
					CFrameQ = CFrame.new(-4721.8603515625, 845.30297851563, -1953.8489990234)
